Incluing function:
self.M
self.M_iso
self.M_devi
self.M_DC
self.M_CLVD
self.M0
self.Mw
self.M_iso_percentage
self.M_DC_percentage
self.M_CLVD_percentage
self.eigen_val
self.eigen_vec
self.F
None


*********************************


self.M: [[-0.3576622  -0.48646688 -0.01115976]
 [-0.48646688 -0.61218411  0.20390851]
 [-0.01115976  0.20390851  0.96984631]] 

self.M_iso: [[ -3.70074342e-17   0.00000000e+00   0.00000000e+00]
 [  0.00000000e+00  -3.70074342e-17   0.00000000e+00]
 [  0.00000000e+00   0.00000000e+00  -3.70074342e-17]] 

self.M_devi: [[-0.3576622  -0.48646688 -0.01115976]
 [-0.48646688 -0.61218411  0.20390851]
 [-0.01115976  0.20390851  0.96984631]] 

self.M_DC: [[-0.3576622  -0.48646688 -0.01115976]
 [-0.48646688 -0.61218411  0.20390851]
 [-0.01115976  0.20390851  0.96984631]] 

self.M_CLVD: [[  3.33066907e-16   1.66533454e-16  -2.77555756e-17]
 [  1.66533454e-16  -2.22044605e-16   5.55111512e-17]
 [ -2.77555756e-17   5.55111512e-17   0.00000000e+00]] 

self.M0: 1.0 

self.Mw: -6.06666666667 

self.M_iso_percentage: 0 

self.M_DC_percentage: 100 

self.M_CLVD_percentage: 0 

self.eigen_val: [ -1.00000000e+00  -5.46437895e-17   1.00000000e+00] 

self.eigen_vec: [[-0.60098212 -0.79705908 -0.0593069 ]
 [-0.79535596  0.58906868  0.14285304]
 [ 0.07892648 -0.13302222  0.98796543]] 

self.F: -1.76363553391e-17 